20041616
20038010
20037675
20033642
20032144
20027610
20026522
20023502
20018104
20016452
20016152
20016150
20016148
20008730
20000192
1217066
1204471
1202004
1200909
1194894
1194745
1194143
1191858
1190102
1187807
1159135
1158980
1147310
1141569
1114719
1112296
1112268
1111196
1106964
1106058
1102720
1100455
1100011
1066267
1064712
1064279
1064115
1064032
1063827
1063635
1063455
1060928
1057012
1050702
1048353
1041369
1035365
1034315
1020148
606226
605341
602646
601050
20031896
1194746
1112318
1095890
1065196
20059428
20059458
20062787
20065143
20058515
20059441
20070076
20065993
20059861
605569
980053
20057634
20059400
20059440
20056758
20059442
20066490
20067260
1007355
1023995
1081372
1092478
1092680
1147811
1216080
608364
611352
611929
1000485
1013772
1026711
1049143
1062912
1072738
1080501
1089387
1091899
1095199
1096211
1105956
1123799
1126300
1140433
1164281
1183923
1184095
1202842
1204303
1205046
1205072
1208475
1212140
1213438
1213786
20013062
20013498
20016596
20019391
20019917
20022853
20035730
20036210
20038153
20039469
20039574
20041361
20044912
20045794
20045911
20046076
20046150
20049592
20049700
20049735
20050032
20050254
20050304
20051282
20051289
600109
1104894
1002771
1006363
1007623
1031338
1036008
1042132
1047326
1049145
1052025
1077529
1077533
1077845
1079095
1081370
1082210
1103101
1144144
1160800
1161338
1162450
1163773
1179574
1183028
1189534
1191856
1202930
602401
607049
608677
610086
20065991
1066247